$ANSIBLE_VAULT;1.1;AES256
37656462646236333237306239653532316665393462356166356337396462656264323061353033
3765393032303362393238636665663737356530353532390a383061373936336466343336323230
38383235623537376662623433333630373238326161653662643865393638346166393763356231
3237376133346339300a646536356136303162313832616438373162623766646339326335346461
66623366333934326564653730393138356337343161636166616437313930646234383939333430
63613134313833653930306135343166653430653761373933653036333735393362646264323334
61663735626564343538326562636561646661343733656530613662313738643839343239656662
65616237323039333939343863643465633766363263323865376332393331656263373264376365
30373865373731383137313961643235366231306234396361643831313238333930653738643337
33396566356562613736356462373838333763336638353735333034396565333565373864343064
36633739343432643834313333306163633164633661313566363031616433656462616465373262
30353463613937383530353766373637343733363762396131336535363132643132643862623136
37643365333665363238323137336364636531356234313334373836373364353462666563616131
3330336239643961396163373735333439383931396335383136
